10006	262.0
10019	6914.0
10024	6087.0
10025	192.0
10034	399.0
10048	129.0
1007	184.0
10076	113.0
10077	940.0
10080	25655.0
10082	10085.0
10089	544.0
10100	4290.0
10104	682.0
10108	490.0
10109	19833.0
10127	181.0
10187	87.0
10188	109.0
10194	105.0
10195	472.0
10219	179.0
10237	267.0
10248	245.0
10255	26374.0
10284	1991.0
10319	112.0
10321	2475.0
10349	633.0
10350	531.0
10354	965.0
10368	203.0
10391	321.0
10404	241.0
10415	66.0
10428	44194.0
10429	38311.0
1046	32954.0
10462	242.0
1048	812.0
10493	1610.0
10522	1337.0
1054	134.0
10540	135.0
10555	119.0
10561	10709.0
10572	92.0
10576	2657.0
10578	79.0
10589	98.0
1059	94.0
10595	163.0
1061	1786.0
10659	406.0
10662	18192.0
10663	121.0
10670	149.0
10676	348.0
10686	7138.0
10692	1304.0
10712	18791.0
10721	12551.0
10733	4933.0
10734	41116.0
10735	90.0
10743	516.0
10747	32360.0
10750	3024.0
10757	2728.0
1076	1017.0
10762	323.0
10774	60933.0
10777	369.0
1078	316.0
10780	82.0
10781	295.0
10792	1707.0
10800	929.0
10810	1375.0
10826	110.0
10835	41261.0
10836	3483.0
10843	80.0
10845	227.0
10846	6583.0
10851	7762.0
10870	147.0
10889	32609.0
10900	220.0
10903	5342.0
1091	78.0
1092	7139.0
10921	38681.0
10926	3917.0
10939	411.0
10943	190.0
10947	92029.0
10959	812.0
10978	148.0
10992	205.0
1100	6893.0
11003	205.0
11007	306.0
11009	87.0
11011	107.0
11021	166.0
11025	6104.0
11027	108.0
11034	2324.0
1104	16120.0
11041	145.0
11048	154.0
11054	51.0
11056	543.0
11076	1210.0
11080	16861.0
11086	236.0
11088	2230.0
11098	253.0
111	26136.0
11107	953.0
11124	1849.0
11133	125.0
11158	1463.0
11159	162.0
11177	247.0
11182	65773.0
11197	1027.0
11213	11669.0
1122	192.0
1123	18196.0
11232	61.0
11235	74.0
11236	9092.0
11237	3099.0
11238	241.0
11240	740.0
11245	1899.0
11253	307.0
11259	2080.0
11261	1326.0
11284	378.0
11286	4501.0
11288	173.0
11292	9664.0
11294	217.0
11295	2618.0
11307	7697.0
11312	113.0
11316	140.0
11317	3177.0
11319	145.0
11330	269.0
11339	182.0
1134	4806.0
11340	6698.0
11344	6.0
11347	9790.0
11348	640.0
11352	1441.0
11376	22352.0
11380	162.0
11391	2629.0
11395	115.0
1140	8299.0
11408	341.0
11412	1625.0
11418	164.0
11436	157.0
11442	9217.0
1146	671.0
11463	818.0
11493	77.0
11496	9364.0
11505	162.0
11510	307.0
11511	252.0
11513	213.0
11536	66.0
11563	2099.0
11567	1775.0
11613	30374.0
11614	7040.0
11616	522.0
11631	207.0
11637	1094.0
11638	34113.0
11651	15635.0
11657	127.0
1167	949.0
11673	32547.0
11686	67.0
11688	4892.0
11689	197.0
11690	5281.0
11723	210.0
11732	10159.0
11757	196.0
11766	140.0
11775	13058.0
11786	732.0
11806	1225.0
11812	62600.0
11824	331.0
11829	17685.0
11835	218.0
11837	60440.0
11838	42.0
11839	1231.0
11851	5822.0
11866	133.0
11867	151.0
1188	153.0
11884	3835.0
11887	7846.0
11888	56650.0
1190	355.0
11902	739.0
11908	4324.0
1192	99.0
11923	199.0
11951	139.0
11952	577.0
11965	2714.0
11966	91.0
12010	802.0
1202	78892.0
12046	184.0
1205	106.0
12059	304.0
12100	3752.0
12117	69.0
12123	145.0
12125	3803.0
1213	1892.0
12133	275.0
12156	233.0
12159	919.0
12170	549.0
12178	1002.0
12180	1890.0
12184	31149.0
12189	322.0
12199	51.0
122	4148.0
12202	196.0
12230	758.0
12232	67508.0
12243	30080.0
12246	30858.0
12273	2127.0
12275	13012.0
12276	303.0
12280	55532.0
12284	75.0
12291	817.0
12292	13538.0
12293	92377.0
12298	7075.0
123	293.0
12336	13228.0
12348	353.0
12355	53060.0
12372	760.0
12386	146.0
12391	8332.0
12396	399.0
12413	1301.0
12419	104.0
12421	542.0
12422	151.0
12423	2824.0
12432	3009.0
12452	1032.0
12455	155.0
12472	560.0
12482	4681.0
12488	1403.0
12496	250.0
12497	48877.0
12503	2105.0
12504	456.0
12510	114.0
1252	1747.0
12538	7942.0
12544	291.0
1256	16432.0
12589	206.0
1260	3989.0
12604	624.0
12606	112.0
12607	1384.0
12623	2491.0
12627	2288.0
12634	331.0
12639	18433.0
12653	628.0
12661	28999.0
12679	4066.0
1268	53.0
12682	9362.0
12683	1816.0
12695	269.0
127	4678.0
12700	184.0
12705	243.0
12709	361.0
12733	146.0
12755	308.0
12757	685.0
12760	2237.0
12775	296.0
12778	64735.0
12780	181.0
12793	1343.0
12795	7970.0
12798	9595.0
12812	1473.0
12822	1453.0
12824	3586.0
12847	204.0
12852	1320.0
12855	1748.0
12863	230.0
12864	118.0
12875	6693.0
12887	67.0
1289	28761.0
12894	16753.0
12912	467.0
12920	359.0
12936	85.0
12946	1967.0
12948	2048.0
12952	76.0
12957	311.0
12969	73.0
12977	457.0
12993	844.0
13015	60615.0
13022	275.0
13032	90.0
13046	2602.0
1305	28943.0
13055	2201.0
13059	2597.0
13099	280.0
13107	14948.0
13110	410.0
1313	501.0
13137	268.0
13145	154.0
13150	60.0
13154	749.0
13186	2114.0
13188	178.0
13199	1086.0
13212	1735.0
13215	345.0
13218	108.0
13235	897.0
13242	2132.0
13262	129.0
13270	10726.0
13288	3439.0
13289	110.0
13298	54051.0
13299	57.0
13305	103.0
13326	9031.0
13328	5874.0
1333	380.0
13334	853.0
13339	530.0
13360	193.0
13363	149.0
13377	1076.0
13387	277.0
1340	116.0
1343	168.0
13431	56.0
13432	234.0
13438	352.0
13451	26699.0
13456	199.0
13461	437.0
13464	90.0
13477	10450.0
13485	2131.0
13489	3477.0
13507	267.0
13519	18597.0
13531	70.0
1356	394.0
13561	4597.0
13563	375.0
13565	7248.0
13569	2496.0
13587	994.0
13589	74.0
13590	87.0
13601	1119.0
13604	1758.0
13606	141.0
13608	708.0
13614	76473.0
13632	250.0
13633	2328.0
13636	66147.0
13638	2505.0
13651	75145.0
13664	107.0
1367	32712.0
13674	1757.0
13677	324.0
13680	190.0
13682	93.0
13686	560.0
13744	622.0
13748	52106.0
13758	279.0
13760	272.0
13769	79.0
13783	611.0
13787	32998.0
13802	345.0
13817	146.0
13823	248.0
13828	100.0
13831	411.0
13835	4062.0
13838	1445.0
13853	12640.0
13858	1212.0
13861	126.0
13877	718.0
13878	1903.0
1388	92.0
13887	30515.0
13899	358.0
13905	511.0
13909	848.0
13911	86.0
13912	1278.0
13927	11871.0
13934	9051.0
13936	332.0
13938	1057.0
13964	10002.0
13965	651.0
13989	180.0
140	98.0
14013	5771.0
14046	74.0
1406	67686.0
1407	320.0
14070	1434.0
14072	15052.0
14075	1953.0
14077	128.0
14079	239.0
14086	6193.0
14088	5569.0
14089	216.0
14096	6894.0
14099	93.0
14100	61.0
14136	187.0
14137	19498.0
14144	26910.0
14154	10502.0
14169	1362.0
14171	579.0
14177	4659.0
14185	63796.0
14189	568.0
14198	43380.0
14199	8788.0
14203	43102.0
14209	50641.0
14216	5372.0
14231	229.0
14234	973.0
14244	526.0
14248	11982.0
1425	31199.0
14255	105.0
14258	2937.0
14272	3760.0
14279	120.0
14282	217.0
14283	14714.0
14290	139.0
14292	390.0
1430	166.0
14314	243.0
14317	23530.0
1432	3194.0
14320	14853.0
14324	81.0
14329	246.0
14335	7937.0
14347	182.0
14354	169.0
14361	1011.0
14372	2335.0
14380	170.0
14386	154.0
14392	403.0
14407	36570.0
14429	466.0
14430	3822.0
1444	216.0
14440	88.0
14442	158.0
14457	32117.0
14459	52668.0
14462	144.0
14469	102.0
14470	212.0
14484	55723.0
14492	862.0
14496	2471.0
145	422.0
14503	513.0
14505	7651.0
14506	2477.0
14518	95.0
14537	803.0
1455	4075.0
14551	1034.0
14552	1431.0
14560	694.0
14575	132.0
14581	189.0
14594	126.0
14611	219.0
14625	86.0
1464	356.0
14643	2893.0
14645	362.0
14648	8980.0
14712	62961.0
14716	14142.0
14720	924.0
14722	295.0
14732	2273.0
14738	14456.0
14740	86.0
14743	68.0
14775	139.0
14793	373.0
14800	384.0
14807	1421.0
14808	2825.0
14810	1970.0
1482	12646.0
14826	303.0
14836	104.0
1484	565.0
14859	1574.0
1488	3343.0
14902	146.0
14904	3452.0
14930	489.0
14932	122.0
14941	759.0
14947	481.0
14957	135.0
14962	278.0
14983	8147.0
14995	150.0
1500	1486.0
15005	153.0
15020	110.0
15033	6051.0
15040	1657.0
15051	41.0
15060	163.0
15071	2115.0
15074	144.0
15083	114.0
15085	357.0
15115	429.0
15121	189.0
15122	1070.0
15135	69.0
15142	145.0
15150	865.0
15152	1826.0
15153	5028.0
15160	6538.0
15165	1234.0
15175	116.0
15183	13760.0
15192	167.0
15201	1388.0
15202	75.0
15213	370.0
15214	307.0
15216	1492.0
1522	111.0
15222	481.0
15223	14368.0
15228	285.0
1523	638.0
15234	28775.0
15246	26893.0
15251	695.0
15257	8063.0
15272	5600.0
15276	3668.0
15331	204.0
15338	235.0
15371	216.0
15378	6494.0
15391	93.0
154	160.0
15409	36294.0
15410	5271.0
15413	90.0
15428	749.0
15438	142.0
15449	17230.0
15464	2990.0
15469	516.0
15475	3757.0
15478	183.0
15480	170.0
15496	35714.0
15507	3616.0
15510	92.0
15515	2741.0
15516	2941.0
15527	202.0
15529	14240.0
15532	35360.0
15536	110.0
15539	2087.0
1554	175.0
15547	2145.0
15557	14187.0
15567	764.0
15568	8969.0
1557	394.0
15576	6931.0
15582	70400.0
1559	682.0
15592	4944.0
156	11396.0
15610	277.0
15629	215.0
15632	306.0
1564	1692.0
15648	178.0
15657	11683.0
15661	114.0
15662	32464.0
15670	203.0
15676	1314.0
15687	157.0
15691	311.0
15695	177.0
15707	1295.0
15712	23916.0
15714	307.0
15716	4094.0
15726	186.0
15731	188.0
15741	5576.0
15754	548.0
15763	164.0
15772	2572.0
15785	357.0
15808	6885.0
15809	109.0
15816	35538.0
15820	8562.0
15830	5487.0
15836	9848.0
15841	5627.0
15842	108.0
15855	3215.0
15911	1705.0
15915	271.0
15929	3260.0
15946	575.0
15951	115.0
15955	22791.0
15961	78.0
15962	4107.0
15981	448.0
15982	645.0
15992	820.0
15993	74.0
15998	672.0
1600	4458.0
16000	103.0
16001	169.0
16018	126.0
16021	204.0
16022	9248.0
16035	228.0
16042	214.0
16046	5278.0
16055	203.0
16066	422.0
16082	57932.0
1609	545.0
16091	134.0
16112	319.0
16120	134.0
16122	69.0
16127	607.0
16129	554.0
16131	121.0
16132	158.0
16135	422.0
16147	46130.0
1615	66618.0
16150	31865.0
16153	4119.0
16157	602.0
16162	2098.0
16169	35700.0
16188	237.0
16231	181.0
16232	6506.0
16243	186.0
16246	1114.0
16247	937.0
16252	795.0
16256	91.0
16262	25915.0
16277	148.0
16283	6658.0
16286	62623.0
1629	1024.0
16300	2516.0
16311	4018.0
16329	4980.0
16335	1203.0
16342	493.0
16344	14370.0
16349	6434.0
16396	786.0
16398	177.0
16408	61.0
16410	401.0
16422	159.0
1644	699.0
16444	5499.0
16451	121.0
16456	105.0
16467	192.0
16477	332.0
16488	166.0
16494	558.0
16506	1099.0
16540	630.0
16545	1311.0
16554	975.0
16555	980.0
16559	780.0
16563	647.0
16572	13807.0
16576	62.0
16589	2337.0
16599	383.0
16606	25792.0
16613	85.0
16627	170.0
16629	5241.0
16663	1051.0
16670	2974.0
1668	9859.0
16685	485.0
16689	444.0
16705	5117.0
16707	65911.0
16726	89.0
16731	4767.0
16733	4374.0
16741	1306.0
1675	162.0
16761	102.0
16762	157.0
16770	13450.0
16784	13307.0
16787	132.0
16788	32505.0
16790	11375.0
16797	2030.0
16820	137.0
16830	133.0
16849	227.0
16854	951.0
16869	14493.0
16889	8251.0
16902	398.0
16904	133.0
16906	172.0
16915	437.0
16916	177.0
16928	128.0
16931	11892.0
16933	258.0
16948	28732.0
16950	84.0
16955	335.0
16970	9330.0
16975	1816.0
16982	2922.0
16986	4983.0
16988	312.0
16993	1248.0
16996	99.0
16999	107.0
17020	2538.0
17056	542.0
17065	64.0
17068	95.0
17074	172.0
17082	674.0
17085	24801.0
17087	1088.0
17090	146.0
17104	10826.0
17107	1219.0
17124	57.0
17137	327.0
17174	24767.0
17182	1445.0
17196	4747.0
17202	133.0
17203	3187.0
17232	148.0
17255	50.0
17290	2829.0
17304	362.0
1731	291.0
17310	855.0
17324	62475.0
17326	170.0
17334	2571.0
17337	115.0
17338	9169.0
17344	391.0
17348	1736.0
17358	22290.0
17394	294.0
174	345.0
17411	12717.0
17423	6770.0
1744	76587.0
17447	757.0
17454	745.0
17466	1160.0
17515	397.0
17522	1732.0
17523	311.0
17534	104.0
17536	6099.0
17551	184.0
17554	1543.0
17556	830.0
17558	26869.0
17561	3080.0
1757	9268.0
17574	23363.0
17616	172.0
17624	7288.0
17626	221.0
17635	631.0
17640	282.0
17642	3494.0
17650	2376.0
17653	5504.0
17654	8078.0
17660	74.0
17689	64.0
17693	7272.0
17706	397.0
17725	6873.0
17728	183.0
17734	120.0
17741	3270.0
17742	681.0
1779	66.0
1803	29213.0
1807	1196.0
1825	567.0
1832	43327.0
1841	40.0
1845	3189.0
1848	3346.0
185	4813.0
1851	4351.0
1853	15247.0
1868	229.0
1884	16329.0
1889	990.0
1893	1526.0
1896	211.0
1898	249.0
1901	35771.0
1903	306.0
192	300.0
1924	96.0
1944	270.0
1951	112.0
1952	115.0
1958	126.0
1966	90.0
1967	825.0
1983	25210.0
1993	90.0
2014	382.0
2015	18308.0
2028	1057.0
2036	115.0
2039	414.0
2042	187.0
2043	15393.0
2053	501.0
2058	110.0
207	151.0
2079	183.0
2083	714.0
2103	5410.0
2104	11396.0
2106	430.0
2110	543.0
2116	1384.0
2130	3585.0
214	180.0
2147	235.0
2160	379.0
2168	1933.0
218	97.0
2193	313.0
2198	1364.0
2212	24351.0
222	97.0
2232	103.0
2235	4341.0
2243	2725.0
2251	11531.0
2284	18794.0
229	703.0
2290	57677.0
2298	110.0
2313	86.0
2316	3356.0
2342	51343.0
2343	82.0
2344	508.0
2352	7111.0
2355	203.0
2356	3796.0
2366	4989.0
237	606.0
2375	11558.0
2418	3904.0
2430	66505.0
2432	709.0
2438	156.0
2460	21790.0
2492	465.0
2503	2459.0
2504	158.0
2506	1362.0
2510	1993.0
2512	7225.0
2518	12140.0
2528	21424.0
2532	18152.0
2544	451.0
2552	710.0
2560	58.0
2562	128.0
2565	721.0
2569	285.0
259	691.0
2597	777.0
2601	7681.0
2604	62.0
2616	113.0
2621	543.0
2629	260.0
2640	15513.0
2642	198.0
2643	5978.0
2658	1522.0
2659	2200.0
2660	78936.0
2666	213.0
2667	132.0
267	1971.0
2675	22413.0
2678	306.0
2682	259.0
2707	121.0
2715	205.0
2718	72.0
2731	10628.0
2745	57.0
2749	2885.0
2755	26207.0
2756	1877.0
2757	27328.0
276	118.0
2773	760.0
2786	136.0
2789	1871.0
2794	1930.0
28	46039.0
2807	167.0
2808	2556.0
2818	188.0
2859	509.0
2861	5555.0
2866	28892.0
287	197.0
2886	699.0
2905	15247.0
2909	216.0
2913	66206.0
2918	191.0
2925	345.0
2928	1519.0
2931	1185.0
2939	1280.0
2954	8268.0
2955	22257.0
2969	92.0
2985	1307.0
2988	3793.0
2995	155.0
3022	256.0
3032	191.0
3033	279.0
3043	6576.0
3044	167.0
305	22151.0
3054	4552.0
3057	1254.0
3068	387.0
3069	90.0
3073	1043.0
3084	9515.0
3094	264.0
3107	2978.0
3135	12157.0
3143	1746.0
3147	8650.0
3149	519.0
3151	59351.0
3164	760.0
3165	50363.0
3170	2924.0
3176	541.0
318	106.0
3189	74.0
3192	11377.0
3196	2187.0
3200	974.0
3201	162.0
3220	4148.0
3229	2859.0
323	1084.0
3232	17545.0
3237	4106.0
3243	719.0
3253	20920.0
3257	129.0
3269	18520.0
3271	161.0
3274	29181.0
3281	360.0
3285	26159.0
3290	75045.0
3298	96.0
3301	2964.0
3316	1403.0
3326	22598.0
3329	174.0
3330	361.0
3351	190.0
3355	27795.0
3359	95.0
336	305.0
3418	39131.0
3440	159.0
3486	1000.0
3492	1051.0
3498	423.0
3538	54273.0
3541	43098.0
3546	1842.0
3559	1692.0
3568	607.0
3584	320.0
3586	80.0
3587	6345.0
359	7907.0
3590	10175.0
3598	407.0
361	24425.0
3613	1576.0
3638	53916.0
3647	173.0
3652	677.0
3655	434.0
3658	166.0
3670	31419.0
3685	3737.0
3702	613.0
3705	421.0
3706	275.0
3722	190.0
3727	262.0
3733	5078.0
3734	2627.0
3740	13662.0
3742	21083.0
3743	7129.0
3760	739.0
380	928.0
3824	32679.0
3848	183.0
3861	123.0
3862	12553.0
3874	179.0
3878	130.0
3881	1323.0
3889	1072.0
3890	15188.0
3891	101.0
3893	40954.0
3903	19415.0
3904	238.0
3914	967.0
3928	9736.0
3941	338.0
3943	1645.0
3944	1978.0
395	3846.0
3955	5813.0
3977	199.0
3978	1079.0
398	2580.0
3994	354.0
4002	217.0
4005	2567.0
4008	784.0
4023	136.0
4032	208.0
4042	2663.0
4049	7882.0
4061	382.0
4064	9131.0
4076	139.0
409	855.0
4095	369.0
4119	2690.0
4122	1359.0
4128	199.0
4129	859.0
4144	9874.0
4152	652.0
4160	601.0
417	3186.0
4189	1939.0
4190	113.0
4207	13475.0
4215	322.0
4218	345.0
4224	2071.0
4238	1255.0
4239	179.0
4257	1069.0
4264	309.0
4268	1656.0
4272	140.0
4283	2776.0
4299	3550.0
43	134.0
4329	133.0
4346	3888.0
4359	355.0
4385	1827.0
4394	1206.0
440	107.0
4405	6281.0
442	39217.0
4429	6561.0
443	25118.0
4432	82862.0
4439	510.0
4441	6906.0
4445	236.0
4468	2588.0
4485	6288.0
4496	12761.0
450	114.0
4513	191.0
4518	255.0
452	2759.0
4538	98.0
4544	135.0
4546	20634.0
4552	2585.0
4556	196.0
4563	2605.0
4566	270.0
4569	3188.0
4574	118.0
4586	16217.0
4613	443.0
4619	99.0
4627	11895.0
4637	140.0
4640	95216.0
4645	384.0
4647	613.0
4685	17980.0
4694	144.0
4737	162.0
4742	112.0
4750	91.0
4761	35423.0
4768	250.0
48	6032.0
481	319.0
4811	126.0
4837	82.0
4840	1280.0
4847	62122.0
4849	27765.0
4852	14554.0
4858	232.0
4868	709.0
4875	50.0
4876	19800.0
4880	53.0
4901	144.0
4902	5680.0
4918	1258.0
4921	142.0
4932	43855.0
4935	441.0
4943	8941.0
4952	286.0
4963	703.0
4966	1527.0
4981	2310.0
4986	142.0
5008	787.0
5025	36851.0
5026	1305.0
5027	218.0
5062	221.0
5069	45915.0
507	2733.0
5096	1620.0
5098	60.0
510	261.0
5123	367.0
5129	851.0
5131	621.0
5142	93.0
5143	721.0
5149	14345.0
5157	402.0
5159	248.0
5160	269.0
5175	832.0
518	4442.0
5206	2588.0
5220	10474.0
5225	129.0
5267	355.0
5272	1846.0
5284	341.0
5294	2107.0
5311	144.0
5326	15619.0
5327	30008.0
5336	2670.0
5337	142.0
5342	9366.0
5361	957.0
5364	109.0
5367	10712.0
5369	2928.0
5408	317.0
541	162.0
5425	3730.0
5426	963.0
543	1656.0
5465	230.0
5474	2266.0
5484	117.0
5485	792.0
5552	126.0
5556	989.0
5562	33296.0
5568	575.0
557	211.0
5577	6726.0
5604	2895.0
5607	27253.0
5623	1070.0
5640	1701.0
5641	162.0
5651	23077.0
5656	36623.0
566	1110.0
5699	3375.0
5700	8476.0
5716	1678.0
5727	44826.0
5729	79.0
5748	392.0
5760	42250.0
5766	583.0
577	5743.0
578	422.0
5785	129.0
5790	149.0
5799	4058.0
5813	911.0
5814	55133.0
5827	428.0
583	178.0
5835	210.0
5849	97.0
5877	2553.0
5883	571.0
5897	20070.0
5898	1931.0
5901	109.0
5911	149.0
5921	196.0
594	240.0
5941	1082.0
5943	6075.0
5945	2365.0
595	1565.0
5958	4723.0
5963	9298.0
5966	118.0
5970	17473.0
5979	242.0
6013	9764.0
6014	9812.0
606	1250.0
6066	4281.0
6069	97.0
6085	10798.0
6086	529.0
6093	2224.0
61	136.0
6103	436.0
6110	19191.0
6121	120.0
6131	1794.0
6136	198.0
6137	158.0
6140	78.0
6172	2714.0
6177	7099.0
6190	31927.0
6200	227.0
6208	143.0
6215	403.0
6220	3152.0
6226	2459.0
6228	2027.0
6230	1507.0
6234	6038.0
6250	439.0
6252	89.0
6257	159.0
626	620.0
6260	217.0
6276	125.0
6277	42.0
6281	28812.0
6285	1050.0
6287	90891.0
6289	170.0
6291	6881.0
6308	498.0
6315	7666.0
6318	2950.0
6334	4129.0
6336	38392.0
6338	384.0
634	2383.0
6347	39621.0
6354	98.0
6356	279.0
6358	286.0
636	26295.0
6363	95.0
638	8375.0
6389	1299.0
6390	144.0
6395	724.0
64	111.0
6400	1740.0
6405	157.0
6406	109.0
6408	80580.0
6417	324.0
6419	155.0
642	2298.0
6424	2710.0
6446	372.0
6448	1525.0
6466	236.0
6467	445.0
647	1353.0
6480	186.0
6481	331.0
6482	66942.0
6522	64.0
6523	22554.0
6529	5582.0
6536	153.0
6537	108.0
6541	3038.0
6543	581.0
655	1514.0
6550	494.0
6556	31482.0
6562	85.0
6566	1014.0
6567	725.0
6593	858.0
66	139.0
6611	1925.0
6619	1068.0
6629	265.0
6650	1244.0
666	449.0
6663	420.0
6666	13460.0
6668	159.0
6678	106.0
6680	200.0
669	80.0
6714	196.0
6737	303.0
6743	95.0
6748	1545.0
6756	10784.0
681	8988.0
6830	89.0
6839	145.0
6871	407.0
6872	9653.0
6885	120.0
6889	495.0
6892	724.0
6894	61.0
6901	483.0
6911	45130.0
6912	7023.0
6914	883.0
6917	3057.0
6919	947.0
6932	420.0
6939	451.0
6946	876.0
6965	1719.0
6971	103701.0
6975	88.0
6979	338.0
6985	826.0
6988	20515.0
6991	28.0
6998	61.0
7011	135.0
7016	95.0
7022	828.0
7030	50.0
7033	67.0
7061	264.0
7063	207.0
7067	40203.0
7068	58.0
7075	128.0
7077	1223.0
7084	191.0
7089	67.0
7109	224.0
7116	122.0
712	2127.0
7132	251.0
7136	231.0
7137	296.0
7145	33179.0
7147	2157.0
7148	2064.0
718	1948.0
7186	6586.0
7188	301.0
722	5996.0
723	20643.0
7236	126.0
7238	6363.0
7244	335.0
7247	1039.0
725	3528.0
7255	148.0
7257	8982.0
7262	2117.0
7273	1532.0
7283	238.0
7292	479.0
7299	404.0
7329	152.0
7334	682.0
7339	160.0
735	130.0
7382	316.0
7386	259.0
7387	1574.0
740	213.0
7400	1278.0
7406	25350.0
7408	190.0
7418	2085.0
7437	377.0
7442	2028.0
7445	7436.0
7458	104.0
7466	394.0
7476	197.0
7495	623.0
7503	246.0
7505	613.0
7511	69853.0
7512	369.0
7516	6650.0
7517	19574.0
7518	1131.0
7524	7400.0
7527	136.0
7537	1795.0
7544	25977.0
7551	337.0
7557	1701.0
7567	143.0
7569	6475.0
7571	2459.0
7577	4528.0
7587	1247.0
7607	10755.0
761	932.0
7625	829.0
7638	2229.0
7656	588.0
7681	588.0
7698	975.0
7721	468.0
7726	241.0
7736	3441.0
7747	145.0
7763	9150.0
7768	148.0
7770	320.0
7776	1530.0
779	369.0
7801	952.0
7802	80.0
7806	271.0
7812	4922.0
7822	139.0
7823	474.0
7838	100.0
7858	185.0
7868	1041.0
7899	22245.0
790	381.0
7901	99.0
7903	2360.0
7906	205.0
7916	139.0
7919	4993.0
7921	190.0
7923	456.0
7931	278.0
7939	1812.0
795	277.0
7950	108.0
7968	361.0
797	445.0
7973	3792.0
7991	27263.0
8	8649.0
8002	114.0
8005	143.0
8007	204.0
8008	426.0
8017	2364.0
8023	200.0
8029	1520.0
8039	4056.0
8051	10090.0
8052	915.0
8058	70.0
8072	2320.0
8085	853.0
8096	2586.0
8107	59856.0
8121	506.0
8128	1839.0
813	161.0
815	281.0
816	120.0
8162	4171.0
8163	8493.0
8166	3987.0
8182	53.0
8200	503.0
8206	185.0
8207	73.0
8220	108.0
8249	193.0
826	159.0
8260	99.0
8268	46.0
827	189.0
8307	1508.0
8315	1179.0
834	299.0
8341	242.0
8352	514.0
8354	7119.0
8365	295.0
8384	22901.0
8390	73.0
8392	993.0
8401	143.0
8422	129.0
8428	18278.0
8435	157.0
844	111.0
8448	1500.0
8452	589.0
8458	118.0
8488	449.0
849	2432.0
8491	156.0
8493	13324.0
8495	202.0
850	1782.0
851	34439.0
8512	36371.0
852	1113.0
8526	22121.0
8534	944.0
8537	296.0
855	558.0
8560	206.0
8561	413.0
8566	160.0
8582	241.0
8594	370.0
8596	94398.0
8628	136.0
865	260.0
8654	2081.0
8657	115.0
8661	145.0
8677	22592.0
8678	7761.0
8692	199.0
8697	407.0
8699	10270.0
8703	2193.0
8706	205.0
8718	133.0
8738	78.0
8766	202.0
8770	1515.0
878	108.0
8781	4825.0
8798	102.0
8804	178.0
8825	7035.0
8842	296.0
8849	4543.0
885	442.0
8851	47345.0
8867	8106.0
888	73.0
8889	1139.0
8896	297.0
8905	417.0
8915	81889.0
8919	1100.0
8920	1915.0
8921	109.0
8933	148.0
8951	818.0
8977	5310.0
8994	800.0
9025	742.0
9028	5502.0
9043	36274.0
9046	651.0
9059	1397.0
907	8979.0
9087	9430.0
909	656.0
9093	165.0
9107	105.0
911	887.0
9130	712.0
9131	18266.0
9152	4545.0
916	854.0
9167	60.0
9186	141.0
9187	407.0
9199	1125.0
92	207.0
9202	1232.0
923	156.0
9230	1014.0
9237	6619.0
9256	1930.0
9297	117.0
930	1334.0
9310	8109.0
9324	735.0
9337	2686.0
9343	976.0
9376	112.0
9401	83.0
9404	99.0
9410	4942.0
9421	2149.0
9422	829.0
9423	917.0
946	118.0
9481	47155.0
9482	1835.0
949	2474.0
9492	128.0
9517	6892.0
9518	14016.0
9528	39993.0
9530	80.0
9537	151.0
9550	4395.0
9551	463.0
9567	2866.0
9568	262.0
96	440.0
960	2039.0
9600	147.0
9602	125.0
9607	211.0
9612	133.0
9617	56348.0
9620	235.0
9629	779.0
9632	76.0
9640	232.0
9650	325.0
9672	2264.0
9681	20196.0
9689	50648.0
9691	406.0
9696	50.0
9697	95.0
9699	1312.0
9701	1378.0
9716	188.0
9717	10038.0
9719	176.0
9720	171.0
9728	88670.0
9730	120.0
9735	249.0
9744	240.0
9747	1823.0
9750	395.0
9752	1247.0
9767	104.0
9798	29584.0
9805	15812.0
9817	470.0
9819	1603.0
9824	1742.0
9831	1532.0
9843	431.0
9854	173.0
9855	533.0
9867	241.0
9875	1840.0
9885	104.0
9890	356.0
9897	228.0
992	12144.0
9920	371.0
9930	85.0
9945	291.0
9946	17397.0
9953	86.0
9967	273.0
9973	138.0
9989	316.0
9993	615.0
9997	2948.0
